0.138554 0.484452 0.511285 0.453078 0.521829 0.465752 0.69348 0.66374 
0.116144 0.415107 0.614853 0.340283 0.397893 0.332674 0.68865 0.628606 
0.169979 0.35396 0.601244 0.334372 0.431698 0.375996 0.631812 0.517702 
0.155445 0.480466 0.565796 0.352632 0.452143 0.35719 0.629844 0.557194 
0.14361 0.460978 0.623483 0.328952 0.387893 0.314315 0.668841 0.602997 
0.117678 0.473236 0.443763 0.369102 0.56559 0.345192 0.691632 0.582702 
0.102584 0.47702 0.435556 0.329526 0.569641 0.302184 0.692381 0.567533 
0.154973 0.490845 0.627658 0.313488 0.384816 0.310504 0.639777 0.577379 
0.121062 0.476008 0.613036 0.320976 0.400029 0.318348 0.700395 0.671787 
0.0921153 0.447674 0.405175 0.355219 0.596657 0.3159 0.744884 0.629992 
0.206128 0.615435 0.656225 0.349109 0.362821 0.357888 0.592914 0.618287 
0.188823 0.438456 0.872361 0.106004 0.127639 0.108215 0.61407 0.51955 
0.113274 0.451805 0.545003 0.399304 0.488661 0.438869 0.709171 0.684875 
0.261377 0.582655 0.825242 0.0982041 0.175109 0.0918381 0.563207 0.623091 
0.344639 0.647997 0.887587 0.0382677 0.112544 0.0415712 0.44903 0.52754 
0.135669 0.417371 0.624655 0.359822 0.414928 0.420458 0.660827 0.606717 
0.0609757 0.259893 0.827051 0.159699 0.172949 0.151407 0.739836 0.466029 
0.399067 0.56138 0.804833 0.359116 0.355952 0.655796 0.311793 0.352393 
0.172003 0.481318 0.743325 0.180788 0.256804 0.176433 0.586145 0.53375 
0.178987 0.512511 0.775197 0.19486 0.224803 0.1891 0.566843 0.469556 
0.143776 0.538338 0.718711 0.197513 0.281313 0.188502 0.605227 0.553219 
0.147587 0.513487 0.617971 0.258177 0.382094 0.239845 0.587861 0.521791 
0.453491 0.629909 0.971927 0.0266846 0.0280732 0.0317011 0.316762 0.367167 
0.145713 0.497542 0.655444 0.344942 0.344556 0.302725 0.607466 0.547544 
0.139331 0.542733 0.687353 0.29034 0.312893 0.257599 0.610921 0.597851 
0.14671 0.374166 0.790266 0.176199 0.209734 0.166089 0.584058 0.48216 
0.134926 0.363769 0.821927 0.167056 0.178073 0.159825 0.62501 0.508585 
0.100649 0.374591 0.584157 0.349658 0.415843 0.31329 0.645288 0.515889 
0.101637 0.313679 0.848575 0.102433 0.151425 0.102636 0.677734 0.470156 
0.283816 0.48837 0.638299 0.270908 0.361701 0.246812 0.52471 0.450102 
0.215224 0.727955 0.67714 0.357355 0.32286 0.321723 0.527996 0.580867 
0.225585 0.612928 0.606207 0.24412 0.393817 0.212447 0.627375 0.56478 
0.111478 0.587794 0.529224 0.338645 0.471068 0.295906 0.719735 0.612601 
0.0842697 0.488533 0.4496 0.28791 0.550438 0.249469 0.774213 0.590983 
0.222435 0.648068 0.470038 0.309324 0.529962 0.267025 0.588531 0.5541 
0.16594 0.740596 0.545034 0.503995 0.466918 0.447006 0.630001 0.721558 
0.207644 0.61619 0.617656 0.432374 0.382344 0.381663 0.5577 0.623946 
0.191029 0.503582 0.640722 0.319652 0.365692 0.28831 0.628063 0.654075 
0.268343 0.396116 0.765379 0.232799 0.234621 0.215103 0.497814 0.518038 
0.264425 0.491421 0.696229 0.31047 0.303771 0.279182 0.519703 0.5493 
0.19337 0.56231 0.56428 0.354441 0.463255 0.33231 0.690024 0.725365 
0.374516 0.169178 0.769664 0.150958 0.230336 0.145823 0.451281 0.386767 
0.303671 0.326062 0.827576 0.132481 0.172424 0.129367 0.457508 0.441451 
0.290776 0.393112 0.673366 0.258548 0.32919 0.240303 0.508435 0.398441 
0.145582 0.409592 0.638684 0.278726 0.362589 0.253555 0.620872 0.507325 
0.148693 0.329632 0.677772 0.1902 0.322408 0.173775 0.62988 0.442774 
0.351932 0.268278 0.758172 0.136517 0.244339 0.135116 0.46601 0.33865 
0.386082 0.280674 0.739028 0.190873 0.261305 0.181347 0.469947 0.370973 
0.358639 0.501012 0.638704 0.30115 0.365604 0.280193 0.475488 0.425125 
0.10333 0.443339 0.616794 0.306654 0.385412 0.282283 0.643622 0.52987 
0.247543 0.403409 0.682793 0.230933 0.318083 0.212095 0.552301 0.440997 
0.136573 0.503109 0.610598 0.315357 0.389418 0.283586 0.668368 0.559418 
0.148063 0.3544 0.689744 0.205673 0.310272 0.193059 0.619209 0.470283 
0.337516 0.581508 0.579789 0.342934 0.42139 0.307081 0.507146 0.458482 
0.267528 0.438745 0.634593 0.275617 0.367321 0.252774 0.537129 0.44597 
0.117318 0.66934 0.368645 0.508259 0.631355 0.443602 0.634857 0.600091 
0.122731 0.678009 0.517341 0.537748 0.482682 0.4696 0.682134 0.693762 
0.147092 0.339188 0.727304 0.287164 0.317399 0.349004 0.619095 0.494601 
0.160073 0.475973 0.693931 0.322996 0.309586 0.29789 0.617297 0.572163 
0.135896 0.347775 0.734772 0.262149 0.266238 0.24044 0.637875 0.521837 
0.158586 0.416106 0.660321 0.337643 0.344823 0.31107 0.622959 0.501882 
0.172137 0.309028 0.793731 0.202285 0.209197 0.19187 0.583434 0.454468 
0.147859 0.509555 0.68459 0.37232 0.316462 0.333991 0.636971 0.588225 
0.123559 0.310492 0.789394 0.223324 0.212968 0.210602 0.631818 0.503722 
0.158443 0.350206 0.710316 0.265861 0.291076 0.242943 0.606325 0.472411 
0.117625 0.49385 0.711269 0.328589 0.289855 0.294289 0.644478 0.605105 
0.142914 0.354755 0.753643 0.211129 0.247126 0.196282 0.634619 0.512887 
0.274952 0.594901 0.572762 0.423291 0.427277 0.377128 0.554517 0.533473 
0.352073 0.574431 0.782514 0.219515 0.223078 0.220591 0.416951 0.459091 
0.106494 0.588159 0.60534 0.404218 0.394752 0.359119 0.621802 0.625679 
0.184877 0.497269 0.618873 0.37369 0.381127 0.33224 0.558818 0.537842 
0.227758 0.387022 0.712305 0.277952 0.287695 0.253589 0.523926 0.492795 
0.302976 0.614762 0.68962 0.336975 0.310472 0.302051 0.475888 0.521153 
0.117778 0.741896 0.433068 0.55003 0.566947 0.478301 0.613452 0.629439 
0.334682 0.424131 0.850312 0.104354 0.149688 0.106112 0.404555 0.402551 
0.104301 0.702633 0.506412 0.51893 0.493588 0.452992 0.632765 0.660314 
0.127981 0.694586 0.547247 0.459122 0.452753 0.402539 0.598178 0.608171 
0.408353 0.108326 0.804136 0.142211 0.195964 0.136538 0.408722 0.335062 
0.333419 0.21071 0.773971 0.192989 0.226029 0.180399 0.451843 0.403904 
0.355106 0.105894 0.79564 0.166693 0.20436 0.156326 0.446233 0.342896 
0.48941 0.0477456 0.864766 0.0760559 0.135234 0.0679312 0.348468 0.241688 
0.0684384 0.794636 0.488951 0.538935 0.511049 0.469553 0.759857 0.912762 
0.0638765 0.667234 0.548978 0.516936 0.451022 0.45278 0.762521 0.886875 
0.12121 0.840387 0.594582 0.497989 0.405418 0.436478 0.678908 0.856183 
0.111013 0.759192 0.558382 0.564399 0.441618 0.492612 0.693821 0.819956 
0.130821 0.874779 0.548022 0.517357 0.451978 0.453459 0.678333 0.854379 
0.256801 0.678054 0.672206 0.37668 0.327794 0.338449 0.591737 0.66479 
0.167904 0.661685 0.694471 0.324346 0.305529 0.293367 0.64007 0.664607 
0.288214 0.821651 0.696137 0.318631 0.303863 0.287651 0.551532 0.685773 
0.159784 0.725568 0.711987 0.267536 0.288013 0.246856 0.637481 0.719577 
0.161464 0.711862 0.709479 0.333786 0.290521 0.300151 0.652495 0.779842 
0.275357 0.774475 0.759071 0.198476 0.240929 0.186855 0.500749 0.581068 
0.24917 0.735902 0.719432 0.257013 0.280576 0.237893 0.532828 0.599224 
0.233419 0.886958 0.741183 0.233884 0.258817 0.220049 0.541258 0.642992 
0.292896 0.60113 0.847449 0.129636 0.152551 0.131101 0.454163 0.507344 
0.314304 0.729349 0.857402 0.132855 0.142598 0.13659 0.441177 0.550896 
0.0764628 0.736775 0.476565 0.6175 0.523435 0.537354 0.771194 0.912968 
0.0596974 0.695375 0.594455 0.470411 0.405545 0.416482 0.754325 0.899167 
0.069881 0.747863 0.561203 0.575929 0.438797 0.502538 0.76394 0.938769 
0.0698799 0.666753 0.506315 0.499795 0.493685 0.435986 0.776849 0.872418 
0.0673691 0.666347 0.565411 0.460896 0.434589 0.407178 0.759841 0.85877 
0.0852907 0.70271 0.507334 0.502506 0.492666 0.439838 0.766951 0.88788 
0.258981 0.881974 0.657894 0.439303 0.342106 0.388744 0.560467 0.736268 
0.155884 0.757088 0.67422 0.386742 0.32578 0.34596 0.635139 0.768487 
0.344577 0.577141 0.984373 0.00885302 0.0156265 0.0151364 0.38845 0.405219 
0.0664026 0.737972 0.368245 0.87335 0.668405 0.838488 0.746617 0.851159 
0.143251 0.706351 0.502705 0.661291 0.507909 0.595715 0.66571 0.64389 
0.165302 0.619979 0.567945 0.502524 0.441608 0.460331 0.619927 0.591333 
0.0948411 0.677828 0.554323 0.619873 0.445677 0.537427 0.673439 0.764818 
0.13503 0.720034 0.445138 0.717767 0.567841 0.655252 0.703115 0.743134 
0.210594 0.476 0.5014 0.58579 0.501716 0.51769 0.642555 0.672103 
0.0393494 0.549395 0.484364 0.70829 0.532168 0.660751 0.806199 0.82495 
0.0865104 0.533347 0.640466 0.430504 0.377445 0.431608 0.698398 0.689809 
0.103736 0.744747 0.453364 0.753691 0.578187 0.732213 0.681809 0.725045 
0.071345 0.554748 0.593662 0.611134 0.43694 0.620165 0.75665 0.841411 
0.279363 0.666879 0.674367 0.445436 0.330765 0.392668 0.540201 0.613741 
0.226387 0.643886 0.617931 0.485025 0.387551 0.426951 0.636822 0.697356 
0.0815856 0.483174 0.596318 0.504775 0.403682 0.445653 0.734975 0.714444 
0.326746 0.558591 0.763224 0.296314 0.239271 0.268402 0.482028 0.578821 
0.281135 0.61964 0.677181 0.406453 0.329404 0.360103 0.562581 0.610981 
0.214788 0.69153 0.57991 0.540551 0.423469 0.473457 0.627087 0.692957 
0.110172 0.607736 0.45088 0.641159 0.581844 0.646511 0.688408 0.674126 
0.108545 0.918879 0.301894 1 0.764769 1 0.668009 0.781352 
0.109521 0.611026 0.504334 0.632201 0.544517 0.68631 0.672404 0.716252 
0.24129 0.595959 0.506725 0.638491 0.532646 0.660849 0.577057 0.573204 
0.0528538 0.537744 0.459253 0.695444 0.618616 0.779068 0.732396 0.714784 
0.0582746 0.537283 0.436817 0.690209 0.653295 0.788477 0.727308 0.690953 
0.0877691 0.492092 0.432321 0.578483 0.586423 0.547434 0.714606 0.674924 
0.105287 0.412178 0.608728 0.550562 0.439883 0.607852 0.66927 0.643643 
0.133392 0.562088 0.420754 0.640972 0.653433 0.715854 0.632257 0.570902 
0.120787 0.541555 0.492814 0.552783 0.528242 0.532453 0.669965 0.658907 
0.0846591 0.581183 0.479177 0.649998 0.589988 0.708704 0.692109 0.693998 
0.357612 0.351688 0.783813 0.382864 0.333762 0.607643 0.381117 0.396146 
0.438872 0.26937 0.787339 0.402288 0.336944 0.64663 0.351662 0.365082 
0.256748 0.686911 0.550667 0.770666 0.583722 0.964593 0.532724 0.611515 
0.375796 0.255323 0.797459 0.30724 0.301671 0.502637 0.385335 0.353366 
0.192589 0.583153 0.511436 0.714525 0.610502 0.868377 0.617247 0.610271 
0.460703 0.182523 0.781852 0.369796 0.344983 0.614451 0.340087 0.320361 
0.321373 0.447467 0.64509 0.552638 0.492211 0.771403 0.487085 0.473616 
0.146925 0.756736 0.329066 0.862895 0.781312 0.961502 0.603455 0.618455 
0.14384 0.603798 0.318492 0.762174 0.747073 0.795104 0.636002 0.631046 
0.301968 0.590955 0.520401 0.600972 0.564114 0.719093 0.496192 0.453385 
0.359303 0.468219 0.591325 0.582499 0.53579 0.760103 0.476373 0.45894 
0.471269 0.191554 0.725376 0.475895 0.372485 0.655214 0.349424 0.339298 
0.152799 0.330539 0.74933 0.322981 0.292303 0.394079 0.611682 0.505549 
0.0748404 0.425405 0.582453 0.546776 0.484803 0.65609 0.741448 0.674857 
0.0506993 0.435204 0.658048 0.381083 0.36687 0.388281 0.77547 0.76146 
0.256823 0.488318 0.755044 0.229885 0.244972 0.210721 0.50378 0.508636 
0.211829 0.337298 0.569522 0.435112 0.450635 0.437264 0.616845 0.554584 
0.312059 0.175733 0.876568 0.104039 0.178901 0.182394 0.516616 0.418819 
0.24638 0.225579 0.851686 0.146537 0.188789 0.208746 0.575544 0.489118 
0.0394662 0.593211 0.561962 0.561628 0.459666 0.517584 0.850825 1 
0.297929 0.129779 0.847742 0.144323 0.205311 0.231072 0.548255 0.43481 
0.0214197 0.532146 0.580645 0.50829 0.438597 0.464512 0.880595 0.972868 
0.269964 0.267181 0.881375 0.103564 0.156004 0.164269 0.546022 0.46096 
0.107474 0.486625 0.694211 0.361896 0.330517 0.354793 0.758568 0.717289 
0.236219 0.418553 0.765232 0.307551 0.303157 0.456092 0.544348 0.562138 
0.366977 0.210483 0.799295 0.164314 0.200705 0.161535 0.44448 0.395292 
0.198454 0.406952 0.755535 0.305468 0.30857 0.434576 0.58465 0.609823 
0.121394 0.392548 0.646876 0.435043 0.38375 0.456741 0.650178 0.608152 
0.0980413 0.494502 0.720068 0.451521 0.296918 0.442133 0.663602 0.679038 
0.157915 0.240676 0.656617 0.348243 0.343808 0.313306 0.64786 0.552085 
0.264738 0.458516 0.713654 0.424772 0.357063 0.555147 0.506195 0.521729 
0.102124 0.498586 0.610449 0.56055 0.420773 0.556116 0.700118 0.759752 
0.247994 0.361433 0.66331 0.501316 0.413405 0.642579 0.538624 0.513918 
0.276341 0.262659 0.784737 0.272954 0.251346 0.331175 0.476288 0.414525 
0.0899903 0.568979 0.592059 0.685683 0.464382 0.733314 0.706914 0.796664 
0.108749 0.730458 0.576525 0.605805 0.429325 0.540342 0.675481 0.85177 
0.104941 0.689894 0.547145 0.571741 0.462233 0.521638 0.672143 0.787013 
0.110645 0.68746 0.57899 0.568319 0.425543 0.508471 0.671164 0.80044 
0.0923393 0.713017 0.491727 0.67386 0.518595 0.607915 0.696335 0.826512 
0.102271 0.701582 0.568931 0.618744 0.440518 0.558012 0.68861 0.843487 
0.128177 0.49236 0.666663 0.481642 0.358932 0.49912 0.654488 0.721968 
0.0925713 0.473462 0.627627 0.610778 0.432356 0.68484 0.707258 0.762677 
0.130539 0.45592 0.718063 0.367785 0.295021 0.36524 0.643546 0.674982 
0.177587 0.423195 0.689185 0.492396 0.398352 0.641493 0.572699 0.542962 
0.104312 0.56178 0.624708 0.499921 0.446097 0.607063 0.669417 0.755828 
0.25105 0.378208 0.77624 0.359305 0.286065 0.491789 0.484043 0.488364 
0.116191 0.577749 0.643411 0.54793 0.418219 0.624001 0.669544 0.761792 
0.109771 0.570975 0.636831 0.553963 0.42397 0.627593 0.677255 0.765147 
0.125111 0.496739 0.696058 0.467195 0.354377 0.535392 0.650297 0.706413 
0.0655723 0.558594 0.542758 0.674366 0.508036 0.72049 0.734309 0.870826 
0.0799802 0.59758 0.573186 0.630715 0.477467 0.677571 0.713649 0.846331 
0.088204 0.358986 0.660624 0.416413 0.353491 0.39987 0.696705 0.666734 
0.0491836 0.523892 0.594734 0.50305 0.426949 0.499467 0.792801 0.811133 
0.073443 0.395431 0.582707 0.482485 0.447795 0.50108 0.713344 0.679134 
0.111259 0.56695 0.576832 0.625857 0.465458 0.651242 0.681427 0.781368 
0.150298 0.608324 0.614891 0.588296 0.465331 0.703302 0.637199 0.708573 
0.0689743 0.453635 0.657153 0.480115 0.366046 0.491752 0.717819 0.703298 
0.329167 0.263768 0.78269 0.199628 0.217915 0.185519 0.46376 0.448304 
0.235644 0.25314 0.768924 0.320298 0.299027 0.461037 0.55491 0.54397 
0.066648 0.528691 0.531559 0.659487 0.479499 0.60566 0.762316 0.832861 
0.491663 0.14051 0.768522 0.389307 0.260075 0.442233 0.344866 0.322944 
0.496838 0.0260584 0.958563 0.0123319 0.041437 0.0218418 0.346806 0.230874 
0.479979 0.193113 0.915385 0.0604301 0.0846152 0.059554 0.320799 0.297613 
0.460764 0.0454342 0.947402 0.0276823 0.052598 0.0369434 0.38613 0.276427 
0.435502 0.0418769 0.973156 0.00938669 0.0268442 0.0223652 0.392368 0.281682 
0.495596 0.0313174 0.932424 0.0737128 0.0675762 0.0851256 0.364262 0.29194 
0.286914 0.320456 0.968434 0.00193593 0.0315657 0.00241947 0.48864 0.433413 
0.343757 0.282038 0.953128 0.0115904 0.046872 0.0111225 0.479596 0.443453 
0.3822 0.211069 0.98083 0.00205399 0.01917 0 0.42288 0.377379 
0.320333 0.395211 0.973275 0.00930996 0.0267249 0.00631052 0.466266 0.467834 
0.320321 0.162266 0.955239 0.0214007 0.0447612 0.0312052 0.498116 0.418598 
0.344696 0.32571 0.929278 0.0106214 0.070722 0.0214731 0.451999 0.419422 
0.992965 0.0953622 0.95821 0.0143961 0.0417896 0.0223354 0.0123421 0.0220449 
1 0.0773027 0.915855 0.0581063 0.084145 0.0666536 0 0 
0.568802 0.0233728 0.966496 0.0315099 0.033504 0.0365971 0.271874 0.204514 
0.450968 0.127309 0.957865 0.0450831 0.0421352 0.0547318 0.343531 0.299675 
0.471549 0.210562 0.938033 0.0329195 0.0619672 0.0382749 0.325469 0.300541 
0.5542 0.0107322 0.959118 0.0117705 0.0408816 0.0187475 0.280103 0.190304 
0.513045 0.0363106 0.954362 0.0192857 0.045638 0.0223223 0.300964 0.2257 
0.568976 0.0621463 0.949469 0.0186371 0.0505313 0.0233168 0.279505 0.212543 
0.569779 0.0229532 0.936967 0.0617261 0.0630329 0.0570446 0.27564 0.206833 
0.458706 0.136748 0.931612 0.0628716 0.0683877 0.0684097 0.345113 0.297679 
0.463603 0.0994687 0.932597 0.0598948 0.0674035 0.07099 0.334559 0.294984 
0.562194 0.057703 0.929807 0.0489374 0.0701929 0.0515947 0.29779 0.229077 
0.608891 0.00251953 1 0 0 0.00146481 0.234722 0.140533 
0.52496 0.0440092 0.971631 0.0128236 0.0283692 0.0140173 0.297225 0.216243 
0.509837 0.0413364 0.951699 0.0188545 0.0483012 0.0277296 0.303749 0.213424 
0.536064 0.0748752 0.958469 0.0232762 0.0415308 0.0302246 0.302399 0.21783 
0.518213 0.0693163 0.984869 0.00388209 0.0151311 0.0075355 0.303222 0.227433 
0.532917 0.0279745 0.953679 0.0211418 0.0463206 0.0322407 0.286077 0.202595 
0.60904 0 0.992039 0.0025004 0.00796131 0.00943253 0.240554 0.147683 
0.591762 0.0271931 0.976639 0.00806695 0.0233613 0.0211856 0.258901 0.181271 
0.482359 0.0950163 0.969696 0.00129359 0.0303042 0.0169954 0.33472 0.250275 
0.514726 0.070373 0.972529 0.0139158 0.0274712 0.0215089 0.31169 0.230469 
0.541721 0.0160476 0.943026 0.0274466 0.0569743 0.03992 0.304431 0.20741 
0.147118 0.587112 0.663511 0.331006 0.336489 0.296652 0.654706 0.710325 
0.139288 0.629111 0.882126 0.100508 0.117874 0.093181 0.663015 0.601583 
0.246096 0.444413 0.850404 0.0733425 0.149596 0.0763272 0.590811 0.577766 
0.0500115 0.538195 0.726579 0.309228 0.273421 0.280708 0.818255 0.878717 
0.0501894 0.246902 0.749403 0.182657 0.250597 0.168176 0.841719 0.663672 
0.103307 0.479798 0.832371 0.034849 0.167629 0.0449539 0.760315 0.624464 
0.0202516 0.203745 0.691917 0.276391 0.308083 0.252104 0.890695 0.637272 
0.0425269 0.283066 0.708802 0.17577 0.291198 0.163739 0.91493 0.714101 
0 0.200472 0.650595 0.225711 0.349405 0.206126 1 0.731151 
0.10834 0.341301 0.714142 0.257617 0.286035 0.241603 0.647277 0.52057 
0.166912 0.660462 0.731405 0.332838 0.268595 0.295003 0.613632 0.652087 
0.181219 0.530189 0.691266 0.311381 0.308734 0.287806 0.598695 0.597555 
0.407853 0.581061 0.968138 0.016289 0.0318622 0.0183214 0.295809 0.337543 
0.364736 0.468256 0.933023 0.0274816 0.066977 0.0333651 0.364011 0.348861 
0.400139 0.591399 0.954829 0.0158803 0.0451708 0.0154425 0.32007 0.357418 
0.22406 0.608814 0.703747 0.158754 0.299038 0.152604 0.592859 0.558981 
0.217989 0.551193 0.749028 0.136696 0.252687 0.129203 0.60526 0.531099 
0.412294 0.209478 0.9073 0.0584064 0.092896 0.068902 0.368889 0.319643 
0.389795 0.276892 0.883258 0.0662461 0.116742 0.0749561 0.368802 0.338227 
0.392336 0.229582 0.888092 0.0684746 0.111923 0.0741031 0.382099 0.338516 
0.425457 0.127873 0.923681 0.0398791 0.0764216 0.0462219 0.356423 0.263427 
0.422789 0.15553 0.935915 0.0332498 0.0643809 0.0428069 0.352118 0.280022 
0.458607 0.169095 0.898392 0.0696155 0.101648 0.072374 0.336301 0.297807 
0.271529 0.234507 0.917813 0.0520008 0.0835256 0.0586963 0.433488 0.324998 
0.302818 0.285766 0.861651 0.0945757 0.138349 0.0950471 0.440731 0.377926 
0.280467 0.400138 0.654203 0.274991 0.345797 0.248122 0.516354 0.450417 
0.307629 0.245407 0.831986 0.102867 0.168014 0.108445 0.442257 0.388731 
0.38334 0.157008 0.868563 0.0698022 0.131437 0.0685244 0.398972 0.297513 
0.304674 0.1926 0.942271 0.0281446 0.0579325 0.0370246 0.409871 0.300197 
0.370363 0.143343 0.95179 0.0127031 0.0482103 0.022422 0.385806 0.285256 
0.323251 0.201034 0.944669 0.0312997 0.0553308 0.0388626 0.393538 0.314145 
0.449153 0.0964133 0.924104 0.0358767 0.0758963 0.0380693 0.357961 0.273068 
0.293756 0.253226 0.914585 0.0652023 0.0854151 0.0690789 0.423422 0.367 
0.160782 0.309047 0.862722 0.200249 0.137278 0.188621 0.554854 0.413339 
0.217896 0.438459 0.900936 0.164172 0.0990644 0.155953 0.463024 0.402317 
0.26702 0.222734 0.822388 0.176254 0.177612 0.164715 0.497057 0.430411 
0.402366 0.454203 0.978307 0.0221647 0.0216927 0.024466 0.301573 0.330663 
0.371517 0.400732 0.970907 0.0225034 0.0290925 0.0303789 0.329684 0.325445 
0.320912 0.339444 0.90659 0.0682186 0.0934104 0.0692942 0.392865 0.370626 
0.322915 0.387824 0.83899 0.137019 0.16101 0.131278 0.397267 0.387903 
0.282917 0.563459 0.839223 0.0774182 0.166701 0.0864269 0.49629 0.548458 
0.30637 0.553435 0.848368 0.0551126 0.158926 0.0683856 0.485694 0.541069 
0.368966 0.373258 0.935889 0.0488913 0.0641114 0.0589402 0.349729 0.361527 
0.267168 0.449722 0.869681 0.146171 0.130319 0.142841 0.428529 0.448291 
0.340689 0.34996 0.924333 0.0484696 0.0756667 0.0572899 0.373033 0.363482 
0.305582 0.466466 0.906761 0.0798339 0.0932386 0.0912031 0.392481 0.40003 
0.261593 0.640662 0.851804 0.0693049 0.155591 0.0859455 0.508424 0.575618 
0.368766 0.261615 0.89051 0.0558579 0.114783 0.0684756 0.42318 0.412306 
0.364345 0.222796 0.864224 0.0882538 0.13786 0.0957123 0.394877 0.357913 
0.326777 0.361925 0.935754 0.0570873 0.0642464 0.0677851 0.380645 0.374366 
0.384446 0.180995 0.90287 0.0670211 0.100013 0.0693698 0.3783 0.341375 
0.326364 0.285758 0.914124 0.0538001 0.0861837 0.0615877 0.392798 0.355856 
0.32229 0.34439 0.903514 0.0678897 0.0964864 0.077638 0.397276 0.382116 
0.375949 0.248436 0.940453 0.046889 0.0595473 0.0591259 0.358773 0.342781 
0.344142 0.28927 0.936201 0.0621164 0.0637988 0.0763122 0.37572 0.358193 
0.340379 0.251642 0.93514 0.0408239 0.0648598 0.0532858 0.3749 0.314849 
0.307546 0.388191 0.94836 0.0427229 0.0516402 0.0553196 0.383542 0.35524 
0.303187 0.424191 0.877783 0.100343 0.124622 0.109149 0.427354 0.434961 
0.408686 0.172249 0.945276 0.0341831 0.054724 0.0422259 0.34429 0.290972 
0.369777 0.305895 0.955329 0.0342304 0.0446711 0.0486506 0.350869 0.345393 
0.292765 0.219948 0.955008 0.0259632 0.0449916 0.0311118 0.406768 0.325511 
0.272327 0.261576 0.942226 0.0379891 0.0577743 0.0458701 0.41998 0.349637 
0.341715 0.150193 0.957344 0.0146058 0.042656 0.0199345 0.382604 0.276847 
0.337408 0.196218 0.921395 0.0698827 0.0786049 0.074742 0.409732 0.345454 
0.26035 0.27847 0.904504 0.0668725 0.0954961 0.0724279 0.435947 0.37065 
0.362401 0.171003 0.957233 0.0232082 0.0429615 0.0287784 0.375151 0.299157 
0.4706 0.092356 0.970912 0.00947082 0.0290878 0.00683104 0.322692 0.211009 
0.434203 0.122722 0.964225 0.0161808 0.0357747 0.0236347 0.337485 0.266275 
0.312795 0.222674 0.924649 0.0605028 0.0753511 0.0660477 0.400994 0.336399 
0.312468 0.199079 0.966076 0.0156275 0.033924 0.0175564 0.391192 0.287642 
0.342549 0.179989 0.9733 0.00975386 0.0267001 0.0124232 0.376688 0.282994 
0.295357 0.255003 0.938846 0.04236 0.0611536 0.0478353 0.407027 0.3451 
0.0583115 0.695537 0.370021 0.697219 0.629979 0.604939 0.715607 0.781742 
0.116592 0.551554 0.539419 0.454384 0.460581 0.400916 0.664197 0.644622 
0.104122 0.561666 0.520034 0.494156 0.479966 0.435055 0.667187 0.660038 
0.164671 0.349069 0.449481 0.290093 0.550519 0.260592 0.607184 0.466123 
0.0340872 0.425566 0 0.568439 1 0.49411 0.755734 0.612911 
0.0625025 0.621735 0.212786 0.625917 0.787214 0.544279 0.737783 0.707454 
0.188193 0.425296 0.395203 0.282305 0.604797 0.256393 0.580834 0.426939 
0.282208 0.637359 0.79079 0.149222 0.209359 0.146558 0.570717 0.570472 
0.17488 0.633009 0.777308 0.162798 0.223199 0.158132 0.679228 0.682086 
0.160041 0.633239 0.757313 0.177048 0.242764 0.169697 0.66996 0.660588 
0.203334 0.65519 0.832055 0.093238 0.168315 0.100204 0.59508 0.632392 
0.157783 0.458088 0.72061 0.240545 0.27939 0.216615 0.5799 0.489895 
0.0724478 0.457973 0.535034 0.398733 0.465068 0.35311 0.731242 0.659887 
0.0902447 0.507396 0.491769 0.443246 0.50832 0.389941 0.683972 0.612832 
0.0325397 0.511371 0.244022 0.71252 0.755978 0.612246 0.782171 0.691792 
0.16992 0.384701 0.586711 0.279212 0.413289 0.248263 0.593521 0.458288 
0.08664 0.564762 0.436985 0.532258 0.563015 0.463727 0.651898 0.575811 
0.204791 0.487055 0.595924 0.316904 0.404076 0.285227 0.550247 0.466963 
0.16223 0.49354 0.616269 0.348719 0.383731 0.310033 0.568141 0.484274 
0.13255 0.435493 0.583713 0.340527 0.416287 0.304325 0.602643 0.486008 
0.150382 0.582299 0.542874 0.425102 0.457126 0.375191 0.59944 0.563623 
0.0966815 0.538119 0.411756 0.480173 0.588244 0.419699 0.674644 0.580737 
0.139337 0.48098 0.593545 0.329754 0.406455 0.294523 0.627547 0.560738 
0.121582 0.494638 0.579083 0.371208 0.420917 0.329214 0.631667 0.561792 
0.107169 0.466717 0.509738 0.46416 0.490262 0.407419 0.681819 0.60517 
0.142955 0.488577 0.590365 0.331866 0.409635 0.293618 0.617543 0.525473 
0.120732 0.52108 0.513252 0.403987 0.486748 0.354571 0.651894 0.587914 
0.161546 0.424713 0.642202 0.273609 0.357798 0.246857 0.589041 0.483 
0.541858 0.313169 0.81681 0.20928 0.18319 0.198369 0.321822 0.32384 
0.253985 0.775985 0.77319 0.165668 0.22681 0.158363 0.623759 0.669103 
0.263602 0.473064 0.705117 0.374887 0.294883 0.338737 0.555334 0.559299 
0.101634 0.957743 0.791481 0.113298 0.208519 0.109382 0.742857 0.859386 
0.207893 0.996664 0.780479 0.163004 0.219521 0.15882 0.64484 0.767202 
0.0775328 0.917853 0.762072 0.169268 0.237928 0.167253 0.760995 0.841569 
0.121477 0.807864 0.434866 0.674139 0.565134 0.587416 0.689687 0.791241 
0.0927161 0.865721 0.677271 0.258774 0.322729 0.23621 0.753642 0.772622 
0.0808985 0.892913 0.74784 0.150026 0.25216 0.149077 0.770256 0.840782 
0.0737163 0.893171 0.748962 0.147758 0.251038 0.147508 0.777875 0.851969 
0.166184 0.86343 0.467646 0.718965 0.532354 0.623477 0.62987 0.69956 
0.196114 1 0.726864 0.266226 0.273136 0.241787 0.630746 0.768732 
0.136866 0.535484 0.663007 0.477221 0.336993 0.426713 0.636453 0.647416 
0.118994 0.631878 0.533953 0.593168 0.466047 0.514575 0.694963 0.703893 
0.152045 0.627198 0.653433 0.408265 0.346567 0.361507 0.696843 0.747878 
0.0934334 0.816029 0.572905 0.510747 0.427095 0.444513 0.765788 0.899705 
0.146056 0.85746 0.62403 0.42027 0.37597 0.368077 0.693313 0.780502 
0.121545 0.893676 0.672355 0.456262 0.327645 0.410137 0.690687 0.823099 
0.0264511 0.677104 0.732109 0.269307 0.267891 0.248908 0.839872 0.99559 
0.121834 0.908235 0.490706 0.713045 0.509294 0.610094 0.690755 0.830935 
0.130525 0.833684 0.687717 0.354428 0.312369 0.311463 0.696652 0.860293 
0.134157 0.687941 0.621247 0.433471 0.378753 0.389055 0.677301 0.762369 
0.0827983 0.704131 0.559593 0.446787 0.440407 0.399432 0.75138 0.857934 
0.0959788 0.53613 0.644296 0.487384 0.355704 0.433636 0.65847 0.636833 
0.110936 0.628683 0.469351 0.600363 0.532508 0.526034 0.734367 0.736941 
0.0729013 0.809746 0.514432 0.560544 0.485568 0.488803 0.773241 0.886173 
0.17472 0.895124 0.649719 0.364853 0.350281 0.325032 0.688815 0.762757 
0.223662 0.769785 0.692894 0.3333 0.39186 0.479142 0.58753 0.788318 
0.265862 0.644045 0.726028 0.301402 0.38559 0.497251 0.539229 0.666341 
0.184586 0.763453 0.62646 0.423555 0.469974 0.567708 0.645236 0.86847 
0.202218 0.88606 0.630519 0.379254 0.475738 0.540496 0.61679 0.856956 
0.198554 0.895428 0.684701 0.317232 0.413928 0.481334 0.612051 0.871503 
0.256205 0.736581 0.661812 0.32075 0.417988 0.442432 0.593122 0.766773 
0.241151 0.776615 0.655378 0.380534 0.459631 0.56211 0.577165 0.745792 
0.211646 0.73672 0.633425 0.365032 0.461017 0.503174 0.636183 0.796058 
0.258329 0.776167 0.719742 0.268969 0.37138 0.441887 0.568792 0.744698 
0.230941 0.802277 0.670566 0.362927 0.442488 0.551335 0.598469 0.7847 
0.235129 0.641319 0.656543 0.388589 0.408511 0.475996 0.582987 0.739406 
0.272254 0.468987 0.684671 0.405143 0.401435 0.546324 0.554436 0.618684 
0.295657 0.457657 0.733106 0.38379 0.373803 0.556493 0.503949 0.546405 
0.230575 0.559799 0.655878 0.409837 0.428963 0.516852 0.578742 0.666114 
0.240644 0.629349 0.707723 0.332387 0.406939 0.523337 0.563037 0.696243 
0.228057 0.699366 0.725351 0.339449 0.363612 0.504776 0.553821 0.732383 
0.213805 0.768251 0.607719 0.439387 0.526079 0.652202 0.606047 0.818252 
0.22617 0.549408 0.755499 0.263785 0.298374 0.354925 0.542882 0.622586 
0.21169 0.594011 0.747831 0.293695 0.308557 0.390083 0.552973 0.668745 
0.159945 0.957363 0.612074 0.344047 0.467951 0.465622 0.682465 0.991955 
0.189667 0.707289 0.646188 0.292279 0.408151 0.369005 0.667764 0.856494 
0.170474 0.866202 0.557528 0.407037 0.523403 0.526495 0.683072 0.950297 
0.177177 0.905769 0.617796 0.342629 0.464104 0.47542 0.665635 0.950367 
0.153748 0.927925 0.559924 0.453766 0.560356 0.628627 0.682638 0.984903 
0.258021 0.795224 0.675992 0.358682 0.453282 0.580998 0.558025 0.755546 
0.210096 0.741686 0.664412 0.340555 0.446109 0.513167 0.604365 0.806606 
0.236805 0.798024 0.672671 0.363749 0.448296 0.577546 0.5917 0.818166 
0.00256545 0.602578 0.490095 0.48177 0.513742 0.434011 0.925333 0.990921 
0.00187075 0.653059 0.478563 0.544856 0.525628 0.485288 0.896922 0.990256 
0.00353666 0.642917 0.465085 0.543602 0.544574 0.501147 0.902505 0.984465 
0.022422 0.540482 0.555659 0.406279 0.456123 0.39203 0.886784 0.906437 
0.142211 0.534292 0.732585 0.191775 0.273801 0.193738 0.761185 0.719127 
0.100749 0.558341 0.607304 0.322191 0.395373 0.297525 0.815666 0.861353 
0.0318207 0.605021 0.720029 0.238764 0.294173 0.267541 0.846256 0.883423 
0.0207226 0.607146 0.513737 0.469692 0.490049 0.424523 0.920387 0.960349 
0.0642813 0.624981 0.617598 0.287833 0.386905 0.271021 0.871499 0.884121 
0.253086 0.337481 0.614111 0.364457 0.386341 0.327457 0.636064 0.600062 
0.195809 0.341541 0.600123 0.34116 0.402831 0.312776 0.691714 0.689973 
0.034417 0.609884 0.612528 0.321668 0.389458 0.294238 0.860372 0.995615 
0.118922 0.671313 0.600288 0.316176 0.402359 0.289652 0.805283 0.841714 
0.0669745 0.396741 0.684343 0.28786 0.330431 0.306645 0.828844 0.782142 
0.0532084 0.463703 0.708551 0.242132 0.296785 0.236538 0.845225 0.8045 
0.0545915 0.435189 0.780097 0.183443 0.248901 0.248072 0.812594 0.741274 
0.122063 0.377888 0.733998 0.333141 0.308678 0.426731 0.715639 0.651004 
0.0192357 0.49303 0.636867 0.324486 0.372066 0.316206 0.901851 0.874597 
0.0166557 0.475509 0.662164 0.326483 0.358342 0.355418 0.893314 0.873483 
0.146933 0.516804 0.701017 0.322385 0.353444 0.42335 0.711938 0.662216 
