0.116531 59.6551
2.29686 59.9731
2.73549 63.4595
3.31839 62.9964
2.42128 63.8997
3.42706 58.8369
3.64865 59.467
2.47963 62.8047
2.7128 59.8842
3.44058 57.0425
3.45128 60.3586
-2.41136 51.7284
1.79449 58.1214
-4.24811 64.8803
-2.51343 57.7582
1.32384 57.1985
-2.26747 51.6149
5.96157 77.8607
5.00317 54.5837
4.77895 51.8974
5.66101 55.2131
5.71053 57.6792
11.7212 100.31
3.60579 54.7489
3.76581 54.2096
2.15697 53.7922
1.67772 57.2431
1.14124 53.3775
-2.41875 75.8719
-0.108398 64.7589
5.90587 84.3077
0.564148 59.5638
-1.61797 62.2869
-1.03474 60.6586
1.7356 53.7151
4.17747 63.5137
0.0733032 64.1214
-0.0656433 61.8866
0.0133209 60.4703
-53.4865 907.296
-0.601059 59.4524
-1.10046 53.6308
0.74617 59.4866
2.86537 42.9442
3.41206 44.0982
3.14423 43.6449
1.68576 37.779
1.0123 37.45
1.44962 43.4856
2.06528 47.1943
1.26277 41.2475
1.95494 39.5447
2.51225 43.0996
1.20558 40.8956
1.71666 43.0049
-56.0933 952.37
-55.9225 932.163
2.02426 66.9306
-50.6669 814.638
0.381393 55.1758
0.0660553 53.593
-1.77071 54.6161
-51.4432 814.194
-0.66423 52.7298
-0.582382 53.1309
-0.217499 50.2577
-51.5927 813.843
0.657928 49.3564
2.57054 48.0418
4.12167 45.5845
4.48798 48.7215
4.62672 51.3375
3.40773 44.0193
3.82422 46.5736
4.53287 53.4811
3.72346 45.0254
3.20226 45.4528
3.46307 41.3403
3.72726 45.4851
3.29488 39.3107
3.31772 40.0584
2.70622 49.7184
1.94731 45.1074
3.22392 52.9707
2.03717 48.3449
2.05124 46.5007
1.61784 40.5477
1.14189 41.0901
2.0296 46.4897
2.9265 47.2268
1.81293 43.8147
5.29347 66.0413
4.60631 61.0302
5.24231 60.6499
4.06775 54.7107
4.41302 58.6331
1.85898 52.4925
2.12033 54.2964
-47.5783 815.421
3.1174 58.6938
3.30782 60.4691
3.28563 60.0668
5.63503 63.0789
3.93233 57.7778
7.26413 80.1767
2.45291 56.1544
-0.801941 55.7508
-1.45007 41.5268
0.16684 38.287
0.400696 50.1459
0.288361 36.2578
-0.166321 48.4646
-0.503189 50.5981
-0.974533 53.0667
-1.11119 58.3925
-0.671249 35.8392
-2.46495 41.3312
-1.39798 39.2887
-1.93588 39.1143
-1.25645 36.9201
-1.80719 39.4068
-50.352 812.739
2.51517 44.4352
1.30275 53.6283
-50.8339 812.429
-46.5681 814.208
3.56775 50.1698
4.78725 47.4817
4.77179 52.9516
2.53706 45.494
-45.0092 813.744
-45.122 814.264
1.14603 58.1326
-0.330048 57.5691
1.73135 51.6802
1.239 57.556
-0.0984955 49.6643
0.0997162 50.9504
0.378464 51.9986
2.09497 47.3067
2.77422 41.2133
1.27432 41.7788
0.4422 48.9949
-47.8893 817.03
-0.963531 88.2529
-0.14949 76.057
1.62424 76.9834
0.950883 53.145
-0.722689 47.2422
-2.90036 70.7287
-0.975372 66.8247
-50.3987 811.773
-1.94351 67.6596
-0.297424 57.2553
-1.93948 70.0328
-0.438202 62.8181
0.183578 70.4542
4.72191 45.2334
-0.197647 71.3698
4.35565 46.3872
2.55783 55.5499
3.50717 43.6997
0.43367 64.9721
-0.393723 59.169
-0.544724 61.3655
0.330185 63.7802
2.3474 59.2717
4.01163 50.0531
4.09979 50.3212
4.5123 51.7037
4.04869 49.4468
2.13026 43.5105
3.82835 52.76
3.79225 49.4062
4.33151 55.707
1.49886 56.4735
1.52701 61.0658
0.486664 61.0189
3.87799 58.3238
3.80708 58.3379
1.26848 56.7854
2.47028 51.7174
3.26649 54.2372
3.45787 49.3568
1.39137 63.2373
3.28699 49.6955
4.20326 49.7723
1.72647 59.9729
2.27518 54.4403
4.9633 46.557
-1.08549 63.9963
0.529449 57.8498
1.27747 55.7319
0.748123 30.7685
1.13429 30.6689
0.0816956 36.7273
-0.599854 30.829
-0.20047 36.7351
4.36205 57.3718
3.78075 53.4438
5.66632 59.3889
3.98718 53.8375
5.90797 59.0286
2.06657 52.498
1.38904 27.0148
1.23492 28.782
5.6272 49.2803
5.82013 53.1505
2.0533 32.3759
4.11333 42.4791
5.14879 49.2118
5.6179 50.9597
4.96475 47.3919
5.50711 51.4084
-45.3526 814.302
4.08243 41.7116
5.4588 51.1361
6.61763 57.7185
6.6073 57.661
6.56219 56.6503
6.25845 56.5782
6.10999 54.2771
6.52629 57.3838
5.80132 53.911
-43.9862 812.335
5.64714 52.6394
5.39732 51.8486
-66.7042 1002.82
-58.6217 918.808
-2.72748 55.7859
-1.16329 70.7377
-1.87567 71.3764
-1.47678 64.9764
-1.76312 70.0865
-0.557022 64.2861
-1.65427 71.4835
2.90865 48.3472
1.46314 41.5489
-79.0338 1026.77
0.532822 23.287
0.58548 27.0587
0.738098 25.09
3.33772 49.488
2.68866 49.0195
4.14545 45.5838
4.48935 47.7479
4.28569 45.1104
3.99187 41.2679
3.86441 41.9339
3.95778 42.8742
4.2357 46.8789
3.45396 46.3021
2.22565 43.9992
-46.3725 812.043
2.86497 38.3186
4.28508 45.7721
3.73351 41.7316
4.70718 46.9402
3.183 38.1043
4.42096 45.6188
2.23929 45.2312
2.775 38.2599
-53.6822 927.721
-0.0843048 34.9261
0.143875 32.1477
6.03349 52.7657
6.44839 54.8085
6.31654 57.3504
6.08879 56.7894
6.08128 54.0085
6.03586 51.8739
6.18521 54.0705
6.96037 59.5443
6.50456 60.0476
5.67865 53.0249
4.77513 44.9855
5.86876 53.2528
5.34033 49.2102
5.86523 52.2639
6.0527 54.445
5.9991 52.6997
6.69106 57.2503
6.573 56.666
6.46716 57.9514
6.16937 55.4338
-44.4238 813.712
6.15814 55.2875
5.67043 49.1986
5.81929 50.5794
5.1637 45.1145
3.57434 39.0028
5.27232 46.4047
3.92416 39.4242
3.45239 38.1559
4.06773 41.7038
4.85732 47.1896
4.82567 47.6868
4.37209 44.5691
4.61259 44.9235
-49.1677 813.092
0.0327148 50.5924
-51.2965 906.07
2.23228 55.9497
2.3506 55.9845
-0.684174 51.9272
4.04532 59.6606
0.777451 58.2758
-0.512466 59.6324
-0.98967 59.4808
-2.22633 62.6237
1.77969 45.3728
1.56772 56.2413
1.38893 48.1728
0.324661 51.3326
0.897781 44.2065
0.787048 49.1412
0.341919 47.191
1.04185 47.6028
1.37903 52.3246
0.22142 40.9126
0.60202 47.354
-48.1647 812.707
2.40947 48.2948
1.03314 44.3593
1.1691 52.6176
1.02307 46.2119
2.31436 48.7639
-94.6128 1128.57
-1.77058 66.0217
0.312683 55.9942
-2.43077 73.8853
-55.9942 832.665
-3.10835 72.0024
-51.0396 830.663
-3.49366 64.6647
-2.81651 72.036
-2.93939 72.7652
1.17205 53.1107
-54.9439 824.838
0.525017 47.9771
0.932156 52.4544
-53.2736 834.919
-1.03038 58.2953
-51.5821 815.735
-2.72449 57.7468
-3.52425 70.4355
1.20856 55.7982
-1.92378 60.4699
1.06966 58.2719
-63.4169 913.455
2.60317 54.2126
-54.0116 831.392
-1.91131 55.7177
-2.76764 58.0548
2.85756 67.2244
-61.5399 989.062
2.42677 69.0798
2.26278 66.1837
-57.7686 966.12
-75.9216 1090.96
1.80402 71.8021
0.368652 72.4807
-60.073 902.759
2.30677 73.4464
0.483176 62.0599
1.12163 67.0221
-0.165086 61.0052
-56.6121 953.622
2.23091 71.8806
2.53959 70.481
-53.835 857.45
1.59106 65.1048
-48.5086 821.733
2.79171 68.8506
-58.714 966.226
3.32753 70.2739
2.32938 67.6992
3.58886 71.7514
-55.9331 878.076
1.97179 70.1615
2.42403 72.9943
-57.5064 843.491
-57.8299 842.606
-56.473 843.502
-56.3551 844.744
-58.9817 845.008
-56.356 824.087
-57.1744 835.889
-4.63704 77.3847
-4.54692 79.6255
-4.49851 83.6576
-56.1913 830.756
-4.01082 72.4874
-56.7572 834.904
-57.6437 845.118
-64.7736 968.012
-65.87 968.072
-57.184 831.447
-4.53616 79.5868
-4.4277 77.7646
-63.7165 955.046
