4.20877
3.82187
7.31061
6.89655
7.74539
2.85394
3.52178
6.6504
3.73885
1.32823
4.3211
6.57653
2.07433
11.0021
5.21888
1.53782
2.99516
4.851
3.34332
3.5968
45.118
2.38067
1.33648
3.07109
20.3104
8.97767
28.3643
20.9482
13.2166
12.0943
12.5286
18.3914
18.7598
12.7085
8.96841
14.9543
16.6171
13.0549
15.3097
13.1701
898.126
877.951
6.44098
11.0586
3.27574
7.82058
9.66204
15.629
15.1212
9.67398
8.94017
12.3563
0
0
3.27977
3.27977
15.1393
15.1393
18.013
18.013
6.34927
6.34927
20.014
20.014
8.12359
8.12359
6.29373
6.29373
4.61314
4.61314
4.20855
4.20855
20.554
20.554
15.6177
15.6177
17.2998
17.2998
17.5962
17.5962
19.5887
19.5887
17.2809
17.2809
1036.94
59.3718
59.9822
25.443
25.5196
19.5713
25.5087
19.5997
949.187
864.813
5.19348
15.025
7.82046
14.6389
974.031
32.9234
29.1555
31.1117
10.9253
17.8974
873.372
758.696
6.06576
851.614
0.300974
0.198343
5.26404
